19961018 18OCT1996 0.3467978036 . 0.1863664368
19961115 15NOV1996 0.2864963438 0.210191539 0.2163760214
19961220 20DEC1996 0.1631823251 0.2788949977 0.2707798858
19970117 17JAN1997 0.1357911219 0.1011960681 0.2259828272
19970221 21FEB1997 0.3758598626 0.1668378128 0.42417113
19970321 21MAR1997 0.07230935 -0.136300206 0.0607940629
19970418 18APR1997 0.2518636681 0.266038038 0.1550834751
19970516 16MAY1997 0.1639137935 0.2554961761 0.094649759
19970620 20JUN1997 0.2102552743 0.1780873013 0.1968545396
19970718 18JUL1997 0.2805742959 0.593934569 0.0644479815
19970815 15AUG1997 0.0324907062 0.2363588533 -0.206016076
19970919 19SEP1997 0.0743963057 0.0820388454 -0.001882196
19971017 17OCT1997 0.1421624514 0.2795310583 0.0296816378
19971121 21NOV1997 0.1777023293 0.3898418832 0.1393637882
19971219 19DEC1997 0.4684239162 0.1659403251 0.4131397483
19980116 16JAN1998 0.0980793672 0.1199461747 0.1552887528
19980220 20FEB1998 0.1735529644 0.2252781633 0.3242979925
19980320 20MAR1998 0.278011178 0.2736570843 0.281671871
19980417 17APR1998 0.2625521563 0.1300360587 0.3428691321
19980515 15MAY1998 -0.031023511 -0.013695571 -0.07526323
19980619 19JUN1998 0.1765177376 0.1838085646 0.0987705793
19980717 17JUL1998 0.2876622662 0.1754364114 0.1458027849
19980821 21AUG1998 0.2380774365 0.2388432728 0.156224811
19980918 18SEP1998 -0.125078327 0.114105692 -0.219392389
19981016 16OCT1998 0.2704497775 0.2673381127 0.3210903047
19981120 20NOV1998 -0.009790571 0.1028762016 0.1445125197
19981218 18DEC1998 0.3091271518 0.2905671316 0.2350006914
19990115 15JAN1999 0.2694977887 0.2747319141 0.2067136601
19990219 19FEB1999 0.2455089154 0.2234558538 0.2673843838
19990319 19MAR1999 0.2248001315 0.1669877021 0.2002160976
19990416 16APR1999 0.3147076914 0.221219697 0.3060211973
19990521 21MAY1999 0.4035138545 0.4297881852 0.1956827352
19990618 18JUN1999 0.2108822591 0.1636829311 0.0558491948
19990716 16JUL1999 0.1071862316 0.111970622 0.1464536016
19990820 20AUG1999 0.1926596716 0.1678238537 0.080849893
19990917 17SEP1999 0.1663021407 0.2909406957 0.1649208271
19991015 15OCT1999 0.2814366511 0.1065404515 0.171426641
19991119 19NOV1999 0.2522716058 0.1851078854 0.2397324236
19991217 17DEC1999 0.2225707378 0.116409166 -0.015892544
20000121 21JAN2000 0.298908998 0.0983966077 0.2636074826
20000218 18FEB2000 0.3358849537 0.2298014395 0.3691212894
20000317 17MAR2000 0.2693045186 0.1610100297 0.2158907022
20000420 20APR2000 0.3484090805 0.146920867 0.3089635296
20000519 19MAY2000 0.2325035943 0.1680965982 0.1966774541
20000616 16JUN2000 0.3749598887 0.2897108853 0.3152360744
20000721 21JUL2000 0.1439894187 0.2299770544 0.141177077
20000818 18AUG2000 0.3322258797 0.2261815986 0.3244076922
20000915 15SEP2000 0.1785813648 0.1939626757 0.1163493905
20001020 20OCT2000 0.3500961686 0.3166240929 0.165569566
20001117 17NOV2000 0.2602283781 0.2715304317 0.2202273011
20001215 15DEC2000 0.1451151864 0.0816135263 0.1729535787
20010119 19JAN2001 0.286480739 0.1326450649 0.1367850018
20010216 16FEB2001 0.2297689105 0.3027467966 0.2074782028
20010316 16MAR2001 0.3097526239 0.2195215728 0.3015402742
20010420 20APR2001 0.6451780685 0.5572880131 0.473007951
20010518 18MAY2001 0.1675544069 0.1381081246 0.0815844017
20010615 15JUN2001 0.4724946987 0.3003334986 0.5065809981
20010720 20JUL2001 0.345453038 0.2973987473 0.2477502944
20010817 17AUG2001 0.1814664012 0.200880573 0.0244399348
20010921 21SEP2001 -0.104856036 -0.024718256 -0.107175022
20011019 19OCT2001 0.2701683946 0.3426073281 0.2979540643
20011116 16NOV2001 0.1627675364 0.2521338552 0.0055306468
20011221 21DEC2001 0.2347864855 0.246965731 0.1188598483
20020118 18JAN2002 -0.009284866 0.119012724 -0.040313441
20020215 15FEB2002 0.0571590904 0.0012588621 0.0533017185
20020315 15MAR2002 0.2737902515 0.1626706134 0.2933549574
20020419 19APR2002 0.0111340908 0.0611288304 0.0440726892
20020517 17MAY2002 0.2215943265 0.1964878094 0.2612341128
20020621 21JUN2002 0.0209606818 0.0119708845 -0.042684852
20020719 19JUL2002 -0.293163134 -0.357560243 0.1329496138
20020816 16AUG2002 0.0004659601 -0.028262454 0.0202914377
20020920 20SEP2002 0.1583367688 0.1565697001 0.0670547158
20021018 18OCT2002 0.1972972282 0.2002160944 0.0386781277
20021115 15NOV2002 0.0604982885 0.0360673066 0.0810393086
20021220 20DEC2002 0.1223901104 0.2507661889 0.0259325647
20030117 17JAN2003 0.0687757539 0.0284068501 0.0569838522
20030221 21FEB2003 0.0343832011 0.0060600057 -0.005307548
20030321 21MAR2003 -0.10745297 -0.19256111 0.1411423808
20030417 17APR2003 0.111087124 0.0384023551 0.021047448
20030516 16MAY2003 0.0355743855 0.1665472789 0.0057766357
20030620 20JUN2003 -0.049847984 0.1096940336 -0.127319337
20030718 18JUL2003 0.2201547237 0.330222216 -0.250260072
20030815 15AUG2003 -0.106086418 0.1396254927 -0.23837166
20030919 19SEP2003 0.0418532259 -0.040701623 0.1530983605
20031017 17OCT2003 0.4338301704 0.3830342448 0.0571483669
20031121 21NOV2003 -0.125040612 0.1077343579 -0.215414567
20031219 19DEC2003 0.0377131878 0.0842564471 0.092352915
20040116 16JAN2004 0.0045434349 0.0783638956 -0.097474968
20040220 20FEB2004 0.1994583068 0.2097271468 0.0596164742
20040319 19MAR2004 0.0649890884 0.0844138197 0.0541600397
20040416 16APR2004 0.0482892689 0.0388320858 0.0653794911
20040521 21MAY2004 -0.032808725 0.0335579727 0.1208199205
20040618 18JUN2004 0.0851765782 0.2025913919 0.0681009061
20040716 16JUL2004 0.0896681458 0.2925615524 0.3574820967
20040820 20AUG2004 0.1572356229 0.2741104129 0.1066882204
20040917 17SEP2004 0.1398181823 0.2647302989 0.055584496
20041015 15OCT2004 0.0847482497 0.1975110725 -0.030343212
20041119 19NOV2004 0.1262057089 0.3499289287 0.2465485558
20041217 17DEC2004 0.1984286542 0.1612723773 0.1957974425
20050121 21JAN2005 0.1386925168 0.2210170435 0.0316249172
20050218 18FEB2005 0.2555268186 0.2282006698 0.1943549388
20050318 18MAR2005 0.050088192 0.3058083075 0.0814710715
20050415 15APR2005 -0.013119101 0.1726297049 -0.075320088
20050520 20MAY2005 0.3792504056 0.4027682908 0.0517756651
20050617 17JUN2005 0.2387666913 0.3137827856 -0.010985576
20050715 15JUL2005 0.2276299892 -0.002186699 -0.218471757
20050819 19AUG2005 0.1906200762 0.334293583 0.1483490147
20050916 16SEP2005 0.3197408391 0.2172728203 0.1897326112
20051021 21OCT2005 0.2730607999 0.3744012775 0.3827359531
20051118 18NOV2005 0.1986850637 0.2435377562 0.1572243652
20051216 16DEC2005 -0.315191662 -0.147559243 -0.446764178
20060120 20JAN2006 -0.077246383 -0.024646198 -0.107958837
20060217 17FEB2006 -0.141107853 0.1130451944 -0.868217576
20060317 17MAR2006 -0.092397651 -0.083037887 -0.006449741
20060421 21APR2006 0.3255524411 0.1846324671 0.268399964
20060519 19MAY2006 0.3942993649 0.3370520407 0.3555644883
20060616 16JUN2006 0.3426918809 0.1307153354 0.3869923901
20060721 21JUL2006 0.13231151 0.2645059642 0.0562770039
20060818 18AUG2006 0.0080527419 0.0665688413 0.0103971201
20060915 15SEP2006 0.1279218864 -0.076019704 0.1220694828
20061020 20OCT2006 -0.008871662 0.2062955165 -0.073076052
20061117 17NOV2006 0.1859630301 0.1095207835 0.1227177829
20061215 15DEC2006 0.0733149428 0.0984897514 0.0382636158
20070119 19JAN2007 0.1855349058 0.1415976054 0.1379168994
20070216 16FEB2007 0.1582011874 0.1216762197 0.0989432407
20070316 16MAR2007 -0.067837358 0.2157420818 0.0712329038
20070420 20APR2007 0.1561775651 0.0717783882 0.148585994
20070518 18MAY2007 0.121071959 0.3523318726 0.0085946292
20070615 15JUN2007 0.2136505237 0.3446670146 0.2363225651
20070720 20JUL2007 -0.047230826 -0.040192359 -0.037633792
20070817 17AUG2007 0.2896413346 -0.326702609 0.1272578194
20070921 21SEP2007 0.0328316462 -0.015101195 0.1072707762
20071019 19OCT2007 0.2093523054 0.0869964897 0.1822513468
20071116 16NOV2007 0.2612500774 0.3985612654 0.0821930356
20071221 21DEC2007 0.0492199254 0.1155243693 -0.05898103
20080118 18JAN2008 0.2604305289 0.1545029241 0.3510167368
20080215 15FEB2008 0.0049309264 0.1183978018 0.0372287443
20080320 20MAR2008 0.1317220505 0.2087904248 0.0657405794
20080418 18APR2008 0.1098626634 0.0499356529 -0.007991699
20080516 16MAY2008 -0.035218296 0.109622572 0.0769081256
20080620 20JUN2008 0.1851227496 0.0987794246 0.2095512775
20080718 18JUL2008 0.2276906495 0.4378413835 0.2324431939
20080815 15AUG2008 0.0982178942 0.0392209159 0.1074276751
20080919 19SEP2008 0.5156234222 0.4202705414 0.4583202993
20081017 17OCT2008 0.3282043789 0.2513716346 0.6336744775
20081121 21NOV2008 0.1255148279 0.0415743818 0.1006827954
20081219 19DEC2008 0.1475969833 0.0974015775 0.1464570031
20090116 16JAN2009 0.0025891489 0.0575934628 0.0703381255
20090220 20FEB2009 0.1188666763 -0.000748706 0.1172764414
20090320 20MAR2009 0.0633432114 0.1386650729 0.0179613187
20090417 17APR2009 0.0891681182 0.1045567567 0.1681567763
20090515 15MAY2009 0.136633532 0.100977685 0.18882886
20090619 19JUN2009 0.0327963462 0.0701656847 -0.014388728
20090717 17JUL2009 -0.025940916 -0.02019867 -0.011839032
20090821 21AUG2009 -0.167032236 -0.126385339 -0.022376447
20090918 18SEP2009 0.1033145424 0.0406930311 0.1898481961
20091016 16OCT2009 0.1624089936 0.1497904815 0.2363964513
20091120 20NOV2009 0.1302946569 0.1094438518 0.1325133067
20091218 18DEC2009 0.0182418585 0.0347644326 0.0290857865
20100115 15JAN2010 0.0424900237 -0.026321771 -0.556791014
20100219 19FEB2010 -0.029739272 0.1435652587 0.1795205047
20100319 19MAR2010 0.1399141755 0.0319976719 -0.118995112
20100416 16APR2010 0.12577938 0.1677222486 0.0837814786
20100521 21MAY2010 0.2628763785 0.1710927838 0.1764671963
20100618 18JUN2010 0.0889560324 0.0638019265 0.0803263691
20100716 16JUL2010 -0.008299052 0.0438000377 -0.295600495
20100820 20AUG2010 -0.07693263 0.1497417357 -0.0380588
20100917 17SEP2010 0.2569860873 0.1276650189 0.2588270712
20101015 15OCT2010 -0.11636974 0.0927298569 -0.180711077
20101119 19NOV2010 0.0472395201 0.081087635 -0.021585
20101217 17DEC2010 0.2169666003 0.1409082198 0.2077407405
20110121 21JAN2011 0.050806116 0.1523655294 0.0850680864
20110218 18FEB2011 0.1273515767 0.1656302343 0.0728392957
20110318 18MAR2011 0.2423104967 0.2794187089 0.1591300685
20110415 15APR2011 0.0849240817 0.0453588282 -0.011511602
20110520 20MAY2011 0.1434325728 0.1549496575 0.138415249
20110617 17JUN2011 0.180764917 0.0904522335 0.1910578423
20110715 15JUL2011 0.1781399241 0.1493453295 0.1782756979
20110819 19AUG2011 0.6302791801 -0.172625216 0.8591958203
20110916 16SEP2011 -0.007887471 0.0185121833 0.0825204707
20111021 21OCT2011 0.2037194083 0.0931366201 0.4018091973
20111118 18NOV2011 0.0266819909 0.1767216647 -0.103208243
20111216 16DEC2011 0.1155823755 0.1130448753 0.1297299374
20120120 20JAN2012 -0.016762721 0.1124373618 0.1693275531
20120217 17FEB2012 0.1005407428 0.1071527029 0.3047545902
20120316 16MAR2012 0.1571143565 0.1063739364 0.0751886324
20120420 20APR2012 0.0604207079 0.105462631 0.1366757359
20120518 18MAY2012 0.2644698863 0.2115371076 0.4720894342
20120615 15JUN2012 0.1994148344 0.1979808896 0.3524618774
20120720 20JUL2012 0.1296207927 0.1637092907 0.245014158
20120817 17AUG2012 -0.098269165 -0.165996915 0.1249415715
20120921 21SEP2012 0.2209761231 0.1318887572 0.3661054165
20121019 19OCT2012 0.345998112 0.1672969108 0.4130977952
20121116 16NOV2012 0.1974367335 0.0673024537 0.149821992
20121221 21DEC2012 -0.164535809 0.099877372 -0.276951647
20130118 18JAN2013 0.1156059704 0.1083631579 0.1037371347
20130215 15FEB2013 0.2889859313 0.2865815841 0.3848947678
20130315 15MAR2013 0.2276151901 0.1427489432 0.1004685475
20130419 19APR2013 0.3800795179 0.3771795153 0.7083313959
20130517 17MAY2013 0.0692037107 0.1488110334 0.1063378495
20130621 21JUN2013 0.1541723485 0.1862151909 0.1682840449
20130719 19JUL2013 0.0496393413 0.1982636847 -0.195576506
20130816 16AUG2013 -0.069764566 0.156940204 -0.177098669
20130920 20SEP2013 0.1182490091 -0.052766065 0.2306581891
20131018 18OCT2013 0.1942891296 -0.174036075 0.2105609269
20131115 15NOV2013 -0.043519395 0.0117796527 -0.083506697
20131220 20DEC2013 0.1714941184 0.2588370169 0.1812168441
20140117 17JAN2014 -0.174367969 -0.05210183 -0.315090857
20140221 21FEB2014 0.2664047191 0.1074106315 0.3100292033
20140321 21MAR2014 0.0542971862 0.054531885 0.0460225397
20140417 17APR2014 0.1684471325 0.0458380295 0.1703035179
20140516 16MAY2014 0.2320030983 0.2019692604 0.1520182116
20140620 20JUN2014 0.2216695275 0.1475156451 0.1166586311
20140718 18JUL2014 0.1907694938 -0.022989238 0.2130135272
20140815 15AUG2014 0.1267829492 0.2074281041 0.2631743754
20140919 19SEP2014 0.2831929608 0.3124518369 0.1663755888
20141017 17OCT2014 0.1993990697 -0.031116422 0.3114280709
20141121 21NOV2014 0.2475397597 0.3145156683 0.0801701979
20141219 19DEC2014 0.2772911119 0.3495461918 0.3256409764
20150116 16JAN2015 0.1167809651 0.1189709063 0.2177265897
20150220 20FEB2015 -0.089117048 -0.035992147 -0.329062822
20150320 20MAR2015 -0.04255597 -0.031285376 0.0336874344
20150417 17APR2015 0.1648138195 0.0891155128 -0.045297353
20150515 15MAY2015 0.040759101 0.0413714409 -0.006312493
20150619 19JUN2015 0.0097034202 0.0638850066 -0.014545526
20150717 17JUL2015 0.3891662224 0.215822421 0.3044898714
20150821 21AUG2015 0.2104025586 -0.113812073 0.28022072
20150918 18SEP2015 -0.135698049 0.0925653749 -0.193686537
20151016 16OCT2015 0.3025905339 0.1623443904 0.2600885228
20151120 20NOV2015 0.1245948175 0.1758577085 0.1095539384
20151218 18DEC2015 0.1977730654 0.238498411 0.0368464999
20160115 15JAN2016 0.0573271916 0.1324671758 0.0783516119
20160219 19FEB2016 0.1867228654 0.2507033908 0.2222340402
20160318 18MAR2016 -0.087923606 -0.043410342 -0.051246142
20160415 15APR2016 0.0418989993 0.0756365663 -0.037289582
20160520 20MAY2016 0.2750382478 0.2596680211 0.1159968242
20160617 17JUN2016 0.262866303 0.1856340046 0.2647734839
20160715 15JUL2016 0.1370645103 0.3825829156 0.4041460754
20160819 19AUG2016 0.0281290534 0.0366801668 0.1828180825
20160916 16SEP2016 -0.022942806 0.087175679 -0.151587917
20161021 21OCT2016 -0.069385268 -0.031187029 0.1880898422
20161118 18NOV2016 0.3136979689 0.3729320538 0.4125103922
20161216 16DEC2016 0.129860638 0.0157137981 0.1456160899
20170120 20JAN2017 0.0141921647 -0.05585794 0.0746938807
20170217 17FEB2017 0.0733896435 0.1369054265 0.2682232556
20170317 17MAR2017 0.0021017937 -0.005569764 -0.125176109
20170421 21APR2017 0.0161692698 0.1632968337 -0.123265141
20170519 19MAY2017 0.066974365 0.0911710675 0.0907657699
20170616 16JUN2017 0.2171546055 0.395566012 0.1480766982
20170721 21JUL2017 0.1929637 0.0667389605 0.2386603262
20170818 18AUG2017 -0.117538052 -0.083744524 -0.33736739
20170915 15SEP2017 0.0784491979 0.0274333566 0.1507243678
20171020 20OCT2017 0.2350537716 0.1350740271 0.3752901212
20171117 17NOV2017 0.3593731742 0.2919518559 0.041313816
20171215 15DEC2017 0.0764033322 -0.006162572 0.1500107918
20180119 19JAN2018 0.0752230697 -0.050881571 0.0189315223
20180216 16FEB2018 0.4365539068 0.1912197285 0.4536473674
20180316 16MAR2018 0.1109932809 0.1174713817 0.0855826135
20180420 20APR2018 0.2854671305 0.2650034196 0.1790688127
20180518 18MAY2018 0.0640766943 0.005430337 -0.057796722
20180615 15JUN2018 0.2173077916 0.2933443495 -0.063897277
20180720 20JUL2018 0.1743728584 0.1980537681 0.3543392023
20180817 17AUG2018 0.09753942 0.0704267705 -0.024304512
20180921 21SEP2018 0.1348045518 0.2157701205 -0.091914655
20181019 19OCT2018 0.2528460323 0.2682360232 0.1645167352
20181116 16NOV2018 0.1316181456 0.2179123935 0.1884305315
20181221 21DEC2018 0.0825135115 0.0538901133 0.1047988063
20190118 18JAN2019 -0.135461244 -0.066307438 0.141714593
20190215 15FEB2019 0.0373585193 0.2067277926 -0.066738309
20190315 15MAR2019 -0.011103085 0.0238579415 -0.051880112
20190418 18APR2019 0.3407170642 0.3689122882 0.2272463843
20190517 17MAY2019 0.1389396395 0.0964533406 0.1768697473
20190621 21JUN2019 0.2258298507 0.3463068119 0.1946989871
20190719 19JUL2019 0.21023351 0.1108358992 0.236335406
20190816 16AUG2019 0.4937098618 0.3259467378 0.4266253523
20190920 20SEP2019 -0.004170995 0.1138206391 0.0329344865
20191018 18OCT2019 0.0919703178 0.1117852407 0.1585901817
20191115 15NOV2019 -0.120859073 -0.010112872 -0.353509658
20191220 20DEC2019 -0.074880108 0.075356983 -0.175787354
20200117 17JAN2020 0.0161290049 0.035010316 0.0905597702
20200221 21FEB2020 0.1697539615 0.2566826499 -0.057003199
20200320 20MAR2020 0.5208048181 1.1704369959 1.4966289472
20200417 17APR2020 0.0785019845 -0.058497458 0.058165458
20200515 15MAY2020 0.0175245728 0.015809707 0.1109315183
20200619 19JUN2020 0.0968494386 0.0355326748 0.0579822164
20200717 17JUL2020 -0.005455956 0.0208637956 0.0124069951
20200821 21AUG2020 -0.044753799 -0.01258887 -0.062520985
20200918 18SEP2020 -0.012403861 -0.017560083 0.0582914018
20201016 16OCT2020 0.022298236 0.047627726 0.0571106953
20201120 20NOV2020 0.118369073 0.0638651645 0.2353581435
20201218 18DEC2020 -0.159556905 -0.140997082 -9.390785E-6
