19980116 16JAN1998 . . 0.2433352825
19980220 20FEB1998 0.2295283041 0.3426526013 0.1520168656
19980320 20MAR1998 0.447538341 0.1899354121 0.5748935722
19980417 17APR1998 0.0846871054 0.339651849 0.1059381564
19980515 15MAY1998 -0.14265151 -0.110331153 -0.097391936
19980619 19JUN1998 0.1184445873 0.1331179708 0.1620342051
19980717 17JUL1998 0.4230302731 0.4447981907 -0.142551616
19980821 21AUG1998 0.0005890604 0.1623025781 0.0348040214
19980918 18SEP1998 -0.167321433 -0.070110544 0.0116469474
19981016 16OCT1998 0.3785138245 0.2731241201 0.2355990196
19981120 20NOV1998 0.1581410652 0.0760542004 0.1066920329
19981218 18DEC1998 0.2346058421 0.3627974828 0.0510127129
19990115 15JAN1999 0.474367487 0.3764964331 0.1679046322
19990219 19FEB1999 0.1686284461 0.1481071915 0.162509272
19990319 19MAR1999 0.210696926 0.0626867042 0.3219679986
19990416 16APR1999 0.4702795213 0.548513934 0.073047787
19990521 21MAY1999 0.3211950977 0.4396429257 0.283831067
19990618 18JUN1999 0.3507500036 0.3776159415 0.0701037071
19990716 16JUL1999 0.211188907 0.2088853818 0.1373590492
19990820 20AUG1999 0.2929952757 0.2235755497 0.1439210652
19990917 17SEP1999 0.3968000156 0.3003500739 0.2738389704
19991015 15OCT1999 -0.062675677 -0.016113906 0.1068563484
19991119 19NOV1999 0.277561278 0.2698770256 0.0988787565
19991217 17DEC1999 0.3063202524 0.3594780426 0.1204299601
20000121 21JAN2000 -0.025126005 0.0515143501 -0.001470243
20000218 18FEB2000 0.2329735817 0.277238277 0.2409288889
20000317 17MAR2000 0.2216696484 0.1998598081 0.0944491447
20000420 20APR2000 0.4741066672 0.2179471279 0.3468973489
20000519 19MAY2000 0.3763342665 0.1615071507 0.2442211432
20000616 16JUN2000 0.3486568331 0.2432313939 0.2276098416
20000721 21JUL2000 0.312903516 0.274495597 0.2704887724
20000818 18AUG2000 0.2275962832 0.2030213561 0.1854939853
20000915 15SEP2000 0.1413856421 0.0556148283 0.1073479733
20001020 20OCT2000 0.3844773495 0.350170276 0.2275818074
20001117 17NOV2000 0.3354699598 0.0841852446 0.2613369962
20001215 15DEC2000 0.1556195763 0.0459855619 0.0908257744
20010119 19JAN2001 0.2886542355 0.1542839684 0.2427264776
20010216 16FEB2001 0.2084676366 0.1539700172 0.0808502389
20010316 16MAR2001 0.2511977963 0.224059517 0.1447742747
20010420 20APR2001 0.3655784296 0.3124968405 0.2790670182
20010518 18MAY2001 0.0842708622 0.0811508015 0.0775242752
20010615 15JUN2001 0.2950207414 0.1177715596 0.4338836986
20010720 20JUL2001 0.2159594151 0.2190334372 0.2018238068
20010817 17AUG2001 -0.043364629 0.0118619771 0.0484152612
20010921 21SEP2001 -0.052802021 0.0393028455 -0.118821232
20011019 19OCT2001 0.1485834956 0.3015248433 0.2163404558
20011116 16NOV2001 0.0865184373 0.1414785593 0.1744722365
20011221 21DEC2001 0.1276079049 0.2611232235 0.0157967593
20020118 18JAN2002 -0.149958849 -0.037622603 -0.158906876
20020215 15FEB2002 0.0322908439 0.038715049 0.0331207153
20020315 15MAR2002 0.3014083805 0.2638578988 0.1708455862
20020419 19APR2002 0.0736940764 0.0229417261 -0.047633477
20020517 17MAY2002 0.1717066697 0.4054478237 0.0721662771
20020621 21JUN2002 -0.023060634 0.1652501196 -0.030169115
20020719 19JUL2002 0.0004937063 -0.15397399 0.1386476029
20020816 16AUG2002 -0.051188575 0.012924988 -0.085649653
20020920 20SEP2002 0.2017412765 0.159297242 0.1907620682
20021018 18OCT2002 0.1628472405 0.0792650787 0.1131758842
20021115 15NOV2002 0.0452698076 0.0270933051 0.037727123
20021220 20DEC2002 0.2313849654 0.1270782708 0.201898512
20030117 17JAN2003 0.0200097979 0.0813340515 -0.020532536
20030221 21FEB2003 -0.039418107 -0.044306928 -0.096563222
20030321 21MAR2003 -0.104834978 -0.063975206 0.0464522759
20030417 17APR2003 0.1052672367 0.004969866 -0.056177156
20030516 16MAY2003 0.1967616163 0.3202230991 -0.076931674
20030620 20JUN2003 0.1006339799 0.1607505529 0.1740289983
20030718 18JUL2003 0.138881697 0.2233781272 -0.155343542
20030815 15AUG2003 -0.117218891 0.1298875749 -0.356372536
20030919 19SEP2003 0.1388964997 0.0286556965 0.056881554
20031017 17OCT2003 0.7903056202 0.6034150719 0.777048981
20031121 21NOV2003 -0.097809649 0.0847214598 -0.109861479
20031219 19DEC2003 0.1114360536 0.1712364122 0.0639790772
20040116 16JAN2004 -0.137237134 0.091850062 -0.124067446
20040220 20FEB2004 0.1441384815 0.2119526176 0.1170399606
20040319 19MAR2004 0.118750458 0.1153922985 0.0556029817
20040416 16APR2004 0.0163045145 -0.037193585 0.0709302554
20040521 21MAY2004 0.0638928981 0.1223778617 0.10439097
20040618 18JUN2004 0.1010483715 0.0263922997 0.2523700114
20040716 16JUL2004 0.1509060621 0.1270925303 -0.044718343
20040820 20AUG2004 0.0761436885 0.052120124 -0.221628287
20040917 17SEP2004 0.0639092587 0.2076666233 0.0071409283
20041015 15OCT2004 0.1029445844 0.086535132 0.191906574
20041119 19NOV2004 0.0041004436 0.123815873 0.2409415844
20041217 17DEC2004 0.1140961609 0.1784185993 0.0961632474
20050121 21JAN2005 0.1780624529 0.203026506 0.1241569058
20050218 18FEB2005 0.2381894017 0.0847583012 0.1010329381
20050318 18MAR2005 0.0339942654 0.2086093475 -0.034511007
20050415 15APR2005 0.1762245823 0.3794915587 0.2097589767
20050520 20MAY2005 0.6900362296 0.5700863711 0.4846394949
20050617 17JUN2005 0.0421360527 0.0027496597 -0.079344535
20050715 15JUL2005 0.2667655228 0.368126497 -0.636846541
20050819 19AUG2005 0.082980233 0.3425718719 0.0124378276
20050916 16SEP2005 0.1102357035 0.1272153046 -0.171030909
20051021 21OCT2005 0.296945725 0.2679962173 0.2431131065
20051118 18NOV2005 0.0997406989 0.1747340881 0.0221724915
20051216 16DEC2005 -0.04520217 -0.093118697 -0.121647395
20060120 20JAN2006 -0.016417802 0.2344524385 -0.038345203
20060217 17FEB2006 0.1268780797 0.1370912257 -0.231671207
20060317 17MAR2006 0.0408965956 0.0695294946 -0.039639045
20060421 21APR2006 0.198532528 0.1217076685 0.2391419244
20060519 19MAY2006 0.0940128418 0.1400576068 0.0651621153
20060616 16JUN2006 0.1362169873 0.0674614292 0.0803764704
20060721 21JUL2006 0.1303836168 0.1490970249 0.1464642941
20060818 18AUG2006 0.1884849522 0.2119935609 -0.034559244
20060915 15SEP2006 0.2272156237 0.2708279819 0.1730824042
20061020 20OCT2006 0.1933344727 0.1111750277 0.2435842908
20061117 17NOV2006 0.1323560257 0.1853849281 0.2024182495
20061215 15DEC2006 0.133998188 0.1367405819 0.1104091043
20070119 19JAN2007 0.1639792089 0.1295146504 0.1973892988
20070216 16FEB2007 0.0091890492 0.2608274487 -0.103004212
20070316 16MAR2007 -0.352727838 -0.410498387 -0.304261843
20070420 20APR2007 0.2131623971 0.0947014354 0.2748815931
20070518 18MAY2007 0.153889716 0.3638477367 -0.199586499
20070615 15JUN2007 0.2071884356 0.2548134241 0.2112462666
20070720 20JUL2007 0.057463777 0.0921391382 -0.043648322
20070817 17AUG2007 0.0772660131 0.1904407143 -0.174900735
20070921 21SEP2007 0.0878341242 0.0624385186 0.1121021143
20071019 19OCT2007 0.2025441037 0.0465726422 0.2295920154
20071116 16NOV2007 0.2428225552 0.4642476548 0.2191853663
20071221 21DEC2007 0.2162134392 0.2313619441 0.145754244
20080118 18JAN2008 0.2490941254 0.3597942868 0.2974511736
20080215 15FEB2008 0.139961214 0.0787487889 0.0830445117
20080320 20MAR2008 0.271849201 0.2530928077 0.1360404908
20080418 18APR2008 0.0484626868 0.02627949 0.0223948409
20080516 16MAY2008 0.1693069591 0.1507220124 0.1312432464
20080620 20JUN2008 0.2492888888 0.184927324 0.1869358704
20080718 18JUL2008 0.1467780887 -0.006140762 0.0788806334
20080815 15AUG2008 -0.012494608 0.0150443986 -0.132283313
20080919 19SEP2008 0.3814579143 0.5770073053 0.3907080405
20081017 17OCT2008 -0.014095808 0.3476549345 0.3974968231
20081121 21NOV2008 0.066864635 -0.103120655 0.1670111612
20081219 19DEC2008 0.0329001135 -0.005061548 0.1704937907
20090116 16JAN2009 0.0699019274 0.1171055415 0.0585458051
20090220 20FEB2009 0.1393327356 0.097302283 0.0845144831
20090320 20MAR2009 -0.019259302 -0.015289878 -0.002958677
20090417 17APR2009 0.1534169941 0.2172976522 0.1336829894
20090515 15MAY2009 0.2340846217 0.1724437759 0.2484526567
20090619 19JUN2009 0.0301934254 0.1080694243 0.0020423734
20090717 17JUL2009 0.0463010068 0.1505892783 -0.05863199
20090821 21AUG2009 -0.082749226 -0.022947698 -0.237718939
20090918 18SEP2009 0.0724912768 0.1201530439 0.0269649898
20091016 16OCT2009 0.2387243074 0.143051207 0.102869583
20091120 20NOV2009 0.1316809641 -0.013860559 0.1865977146
20091218 18DEC2009 0.0438910071 0.0905182042 0.0078659486
20100115 15JAN2010 -0.002477168 0.0677845317 -0.325100557
20100219 19FEB2010 0.4551748872 0.2766195713 0.1943842216
20100319 19MAR2010 -0.198196213 -0.255109883 -0.27864987
20100416 16APR2010 0.1454616071 0.2323874055 0.0188891255
20100521 21MAY2010 0.2152031655 0.0081479363 0.1127822778
20100618 18JUN2010 0.123975664 0.0782043748 0.1026093699
20100716 16JUL2010 0.1450127543 0.1835732453 0.129763211
20100820 20AUG2010 -0.070873303 0.0563119825 0.0355043064
20100917 17SEP2010 0.1265380061 0.1588973722 0.2166594884
20101015 15OCT2010 -0.060077557 0.0634109038 -0.087729241
20101119 19NOV2010 0.0659449989 0.0388829071 -0.008255153
20101217 17DEC2010 0.0529328077 -0.193438994 0.0846118164
20110121 21JAN2011 0.0333442741 0.0586224559 0.0600301141
20110218 18FEB2011 0.1898705771 0.2627581557 -0.061590207
20110318 18MAR2011 0.1896479868 0.2036805761 0.120158816
20110415 15APR2011 -0.003000468 -0.142378869 -0.002059038
20110520 20MAY2011 -0.036589469 0.1020481722 -0.101494916
20110617 17JUN2011 0.2486458747 0.1970808399 0.2586490969
20110715 15JUL2011 0.053720126 0.0668102342 0.0701752736
20110819 19AUG2011 0.603182884 0.1653129793 0.3708354033
20110916 16SEP2011 0.0040597415 0.0599138473 0.016943728
20111021 21OCT2011 0.3582834694 0.1825711114 0.2424895371
20111118 18NOV2011 0.1425551616 0.0487678761 0.1697877808
20111216 16DEC2011 0.09751461 0.0777252812 0.1235943997
20120120 20JAN2012 0.0624367961 0.1205697448 0.0142345409
20120217 17FEB2012 0.2255280795 0.2627628714 0.1541065031
20120316 16MAR2012 0.1376007298 -0.002423386 0.1368157125
20120420 20APR2012 0.0756040715 0.0474673075 0.2101835279
20120518 18MAY2012 0.2692259663 0.2961431426 0.1880081886
20120615 15JUN2012 0.1551061382 0.0549642399 0.2390320426
20120720 20JUL2012 0.1127360903 0.1139458687 0.1548569689
20120817 17AUG2012 0.106110386 0.1641002088 -0.080114446
20120921 21SEP2012 0.1857085449 0.3147760186 0.1622116644
20121019 19OCT2012 0.1211346849 0.1563285037 0.2340096492
20121116 16NOV2012 -0.161684765 0.0579611108 0.05593624
20121221 21DEC2012 0.041863887 0.1281709034 0.0079842236
20130118 18JAN2013 -0.043769168 0.052109118 0.0206773434
20130215 15FEB2013 0.0453304705 0.1664548311 0.0672746728
20130315 15MAR2013 -0.176047928 -0.068823352 -0.353915464
20130419 19APR2013 0.5799854518 0.5320417047 0.5369636249
20130517 17MAY2013 -0.075430083 -0.085490049 -0.183388731
20130621 21JUN2013 -0.134728113 0.1001255152 -0.01826599
20130719 19JUL2013 -0.154558348 0.0320537582 -0.209398796
20130816 16AUG2013 -0.504262029 -0.383488048 -0.690074586
20130920 20SEP2013 -0.015597286 -0.026813916 -0.160289369
20131018 18OCT2013 0.2334337536 0.227660075 -0.019866961
20131115 15NOV2013 -0.050109522 0.0294832086 0.0400805082
20131220 20DEC2013 0.1915603266 0.1823047986 0.1066343958
20140117 17JAN2014 -0.210384334 -0.23939924 -0.262271734
20140221 21FEB2014 -0.134993091 0.0011405908 0.2434734926
20140321 21MAR2014 0.0026697609 0.0335718416 -0.042408748
20140417 17APR2014 0.0096512167 0.1067687028 0.0905742282
20140516 16MAY2014 -0.035148319 -0.16244093 0.1411779777
20140620 20JUN2014 0.1711292832 0.2663159147 0.2755985569
20140718 18JUL2014 0.1896362006 0.2279434886 0.1752031188
20140815 15AUG2014 0.0039307487 -0.136597835 -0.053356588
20140919 19SEP2014 0.1667076053 0.201182192 0.1855800808
20141017 17OCT2014 0.2916147342 0.2297498749 0.2795368151
20141121 21NOV2014 0.1850756862 0.3984290738 -0.041651398
20141219 19DEC2014 0.416785644 0.3564121797 0.148726513
20150116 16JAN2015 0.0767462952 0.1268641133 -0.012222472
20150220 20FEB2015 -0.198683955 -0.057674355 -0.113377278
20150320 20MAR2015 -0.075527127 0.0355703217 -0.112152845
20150417 17APR2015 0.086617219 0.292488541 -0.144628775
20150515 15MAY2015 0.0475667596 -0.007527924 0.1338918098
20150619 19JUN2015 0.0578774061 -0.035061239 0.0246057422
20150717 17JUL2015 0.227029916 0.2528747938 0.3859556206
20150821 21AUG2015 0.2305710115 -0.074112337 0.2662314384
20150918 18SEP2015 0.1310305743 0.2534662672 0.0738056351
20151016 16OCT2015 0.3031484236 0.3279203011 0.2538259021
20151120 20NOV2015 0.2010412739 0.2592164943 0.0620465411
20151218 18DEC2015 0.2771190069 0.3064485824 -0.014506397
20160115 15JAN2016 0.1194091275 0.0143892758 0.1054369091
20160219 19FEB2016 0.1270159674 0.2227736563 0.208587393
20160318 18MAR2016 -0.017711483 0.1623121201 -0.02483812
20160415 15APR2016 0.088468188 0.0248838364 0.1057472165
20160520 20MAY2016 0.0950341783 0.1701671029 0.064303088
20160617 17JUN2016 0.2525061377 0.3065942134 0.1970681951
20160715 15JUL2016 0.0461699682 0.2308705048 0.2357501256
20160819 19AUG2016 -0.055664419 -0.070640273 0.0779348794
20160916 16SEP2016 -0.045295373 0.2498207776 -0.400469906
20161021 21OCT2016 0.1048136373 0.0552499298 0.1023351653
20161118 18NOV2016 0.071010474 0.099943972 0.2858568064
20161216 16DEC2016 0.2012721377 0.0837733992 0.2113935913
20170120 20JAN2017 0.0407051215 0.027824925 -0.111934913
20170217 17FEB2017 0.0875230429 0.0107242079 0.2017486055
20170317 17MAR2017 -0.091046223 -0.058943654 -0.270230006
20170421 21APR2017 -0.146875042 -0.085216676 -0.03190571
20170519 19MAY2017 -0.052127542 -0.062513456 0.1073681247
20170616 16JUN2017 0.1573248716 0.3118382756 0.2223204386
20170721 21JUL2017 0.1574973546 -0.00292343 0.0744829091
20170818 18AUG2017 -0.314231572 -0.270557379 -0.094976195
20170915 15SEP2017 0.057674372 -0.056727888 0.0805726619
20171020 20OCT2017 0.0708088391 0.0933821237 0.1382065046
20171117 17NOV2017 0.0313122531 0.3225702375 -0.018916701
20171215 15DEC2017 0.0321705846 0.0381524967 0.1496818772
20180119 19JAN2018 0.0381339378 0.0916183106 0.0617836363
20180216 16FEB2018 0.3846977951 0.2666321896 0.3137899568
20180316 16MAR2018 0.142318093 0.1921324493 -0.015546476
20180420 20APR2018 0.3726804873 0.3584242728 0.5296825354
20180518 18MAY2018 -0.054366012 0.0422766542 -0.080924445
20180615 15JUN2018 0.3211857346 0.0986962204 0.1853674278
20180720 20JUL2018 0.1615697364 -0.07770265 0.2386636288
20180817 17AUG2018 0.0350316293 0.0741477943 -0.013995498
20180921 21SEP2018 -0.303247399 -0.0970301 -0.228470164
20181019 19OCT2018 0.2856247554 0.3227175231 0.1815652107
20181116 16NOV2018 -0.050650724 0.1508481133 -0.044821746
20181221 21DEC2018 0.0310955262 0.0627682885 -0.045056392
20190118 18JAN2019 -0.189809655 -0.174283286 0.1281741788
20190215 15FEB2019 0.0759943872 0.2052335961 -0.180825082
20190315 15MAR2019 0.1301459469 0.0895994463 0.0630440157
20190418 18APR2019 0.3476069785 0.3749950111 0.378795465
20190517 17MAY2019 0.121398058 0.0012900926 0.1449888971
20190621 21JUN2019 0.2951756944 0.2920539223 0.2745147098
20190719 19JUL2019 0.1842334225 0.0881809468 0.112545904
20190816 16AUG2019 0.3942062623 0.3752340409 0.5970578482
20190920 20SEP2019 0.0117713356 0.0985737098 -0.030237414
20191018 18OCT2019 0.0459245641 0.1611986343 0.163148363
20191115 15NOV2019 -0.042833142 -0.136865768 -0.310102327
20191220 20DEC2019 0.0073793665 0.1005165307 -0.099616371
20200117 17JAN2020 -0.043273975 0.0173943972 0.0509635182
20200221 21FEB2020 0.2901705827 0.3397806255 -0.021532895
20200320 20MAR2020 2.2624761401 1.7401993517 1.8101915932
20200417 17APR2020 0.0468830757 -0.0386373 0.0674123426
20200515 15MAY2020 -0.024907528 -0.070224296 0.077678495
20200619 19JUN2020 0.0434016096 0.0922709454 0.0520343507
20200717 17JUL2020 -0.050952008 -0.049977577 0.0121649757
20200821 21AUG2020 -0.082466311 0.0080739925 -0.073028938
20200918 18SEP2020 -0.142274194 0.0817961099 -0.199529243
20201016 16OCT2020 0.0351616513 0.0617428612 0.0343039813
20201120 20NOV2020 0.1931051647 0.1386021994 0.2778778486
20201218 18DEC2020 -0.131531981 -0.159774805 0.0228504347
